[40.963561944444, -9.0919627777778],
[40.9676775, -9.0969797222222],
[40.9676775, -9.0969797222222],
[41.001413055556, -9.1334588888889],
[41.001413055556, -9.1334588888889],
[41.056938055556, -9.1788630555556],
[41.056938055556, -9.1788630555556],
[41.117155277778, -9.2121172222222],
[41.117155277778, -9.2121172222222],
[41.180592777778, -9.2324027777778],
[41.180592777778, -9.2324027777778],
[41.245695555556, -9.2392205555556],
[41.245695555556, -9.2392205555556],
[41.310863333333, -9.2324027777778],
[41.310863333333, -9.2324027777778],
[41.374489166667, -9.2121172222222],
[41.374489166667, -9.2121172222222],
[41.435, -9.1788630555556],
[41.435, -9.1788630555556],
[41.490894722222, -9.1334588888889],
[41.490894722222, -9.1334588888889],
[41.540783888889, -9.0770222222222],
[41.540783888889, -9.0770222222222],
[41.583423888889, -9.0109422222222],
[41.583423888889, -9.0109422222222],
[41.617749166667, -8.9368461111111],
[41.617749166667, -8.9368461111111],
[41.642901111111, -8.8565583333333],
[41.642901111111, -8.8565583333333],
[41.656026944444, -8.7889097222222],

[41.656026944444, -8.7889097222222],
[41.657041944444, -8.7815888888889],
[41.657041944444, -8.7815888888889],
[41.658249166667, -8.7720558333333],
[41.658249166667, -8.7720558333333],
[41.663408333333, -8.6854194444444],
[41.663408333333, -8.6854194444444],
[41.658249166667, -8.5987833333333],
[41.658249166667, -8.5987833333333],
[41.642901111111, -8.5142808333333],
[41.642901111111, -8.5142808333333],
[41.626501388889, -8.4581333333333],
[],
[41.626501388889, -8.4581333333333],
[41.624157222222, -8.4513669444444],
[41.624157222222, -8.4513669444444],
[41.617749166667, -8.4339927777778],
[41.617749166667, -8.4339927777778],
[41.583423888889, -8.3598966666667],
[41.583423888889, -8.3598966666667],
[41.540783888889, -8.2938169444444],
[41.540783888889, -8.2938169444444],
[41.490894722222, -8.2373802777778],
[41.490894722222, -8.2373802777778],
[41.435, -8.1919758333333],
[41.435, -8.1919758333333],
[41.374489166667, -8.1587216666667],
[41.374489166667, -8.1587216666667],
[41.310863333333, -8.1384361111111],
[41.310863333333, -8.1384361111111],
[41.245695555556, -8.1316183333333],
[41.245695555556, -8.1316183333333],
[41.236758333333, -8.1317461111111],
[],
[41.236758333333, -8.1317461111111],
[41.231166111111, -8.1319558333333],
[41.231166111111, -8.1319558333333],
[41.180592777778, -8.1384361111111],
[41.180592777778, -8.1384361111111],
[41.117155277778, -8.1587216666667],
[41.117155277778, -8.1587216666667],
[41.056938055556, -8.1919758333333],
[41.056938055556, -8.1919758333333],
[41.001413055556, -8.2373802777778],
[41.001413055556, -8.2373802777778],
[40.951933888889, -8.2938169444444],
[40.951933888889, -8.2938169444444],
[40.909704166667, -8.3598966666667],
[40.909704166667, -8.3598966666667],
[40.875748611111, -8.4339927777778],
[40.875748611111, -8.4339927777778],
[40.857531388889, -8.4890266666667],
[],
[40.88091, -8.5008108333333],
[40.879088055556, -8.5073688888889],
[40.879088055556, -8.5073688888889],
[40.874665277778, -8.5245497222222],
[40.874665277778, -8.5245497222222],
[40.870265833333, -8.5439366666667],
[],
[40.870265833333, -8.5439366666667],
[40.868878333333, -8.5506819444444],
[40.868878333333, -8.5506819444444],
[40.86041, -8.6039819444444],
[40.86041, -8.6039819444444],
[40.855619444444, -8.6854194444444],
[40.855619444444, -8.6854194444444],
[40.86041, -8.7668572222222],
[40.86041, -8.7668572222222],
[40.874665277778, -8.8462894444444],
[40.874665277778, -8.8462894444444],
[40.89804, -8.9217597222222],
[40.89804, -8.9217597222222],
[40.929968611111, -8.99141],
[40.929968611111, -8.99141],
[40.969676111111, -9.053525],
[40.969676111111, -9.053525],
[40.980609444444, -9.0675691666667],
[],
[41.550641944444, -8.5035927777778],
[41.548768611111, -8.4981797222222],
[41.548768611111, -8.4981797222222],
[41.543648333333, -8.4842805555556],
[41.543648333333, -8.4842805555556],
[41.516217777778, -8.4250038888889],
[41.516217777778, -8.4250038888889],
[41.482138888889, -8.37214],
[41.482138888889, -8.37214],
[41.442260555556, -8.3269902777778],
[41.442260555556, -8.3269902777778],
[41.397574166667, -8.2906666666667],
[41.397574166667, -8.2906666666667],
[41.349188888889, -8.2640627777778],
[41.349188888889, -8.2640627777778],
[41.298302777778, -8.2478341666667],
[41.298302777778, -8.2478341666667],
[41.246173333333, -8.2423797222222],
[41.246173333333, -8.2423797222222],
[41.239023333333, -8.2424816666667],
[],
[41.239023333333, -8.2424816666667],
[41.234549166667, -8.2426497222222],
[41.234549166667, -8.2426497222222],
[41.194085277778, -8.2478341666667],
[41.194085277778, -8.2478341666667],
[41.143319722222, -8.2640627777778],
[41.143319722222, -8.2640627777778],
[41.095122222222, -8.2906666666667],
[41.095122222222, -8.2906666666667],
[41.0506725, -8.3269902777778],
[41.0506725, -8.3269902777778],
[41.022673888889, -8.3573663888889],
[],
[41.022673888889, -8.3573663888889],
[41.019390833333, -8.3613977777778],
[41.019390833333, -8.3613977777778],
[41.011056388889, -8.37214],
[41.011056388889, -8.37214],
[40.97724, -8.4250038888889],
[40.97724, -8.4250038888889],
[40.950046388889, -8.4842805555556],
[40.950046388889, -8.4842805555556],
[40.935455833333, -8.5283072222222],
[],
[41.050767777778, -8.3983741666667],
[41.047893888889, -8.4019013888889],
[41.047893888889, -8.4019013888889],
[41.040598333333, -8.4113008333333],
[41.040598333333, -8.4113008333333],
[41.010994722222, -8.4575566666667],
[41.010994722222, -8.4575566666667],
[40.987187222222, -8.5094236111111],
[40.987187222222, -8.5094236111111],
[40.969756111111, -8.5656244444444],
[40.969756111111, -8.5656244444444],
[40.966475277778, -8.5800613888889],
[],
[41.241182222222, -8.3532169444444],
[41.237826388889, -8.3533427777778],
[41.237826388889, -8.3533427777778],
[41.207474444444, -8.3572311111111],
[41.207474444444, -8.3572311111111],
[41.169388888889, -8.3694027777778],
[41.169388888889, -8.3694027777778],
[41.133223055556, -8.3893558333333],
[41.133223055556, -8.3893558333333],
[41.099863333333, -8.4165988888889],
[41.099863333333, -8.4165988888889],
[41.0788475, -8.4393811111111],
[],
[41.492436388889, -8.7475122222222],
[41.493043888889, -8.7431197222222],
[41.493043888889, -8.7431197222222],
[41.493766388889, -8.7374],
[41.493766388889, -8.7374],
[41.496853888889, -8.6854194444444],
[41.496853888889, -8.6854194444444],
[41.493766388889, -8.6334391666667],
[41.493766388889, -8.6334391666667],
[41.484580277778, -8.5827386111111],
[41.484580277778, -8.5827386111111],
[41.474764166667, -8.5490505555556],
[],
[41.398868333333, -8.5945075],
[41.397933888889, -8.5918011111111],
[41.397933888889, -8.5918011111111],
[41.395379444444, -8.5848516666667],
[41.395379444444, -8.5848516666667],
[41.381694166667, -8.5552133333333],
[41.381694166667, -8.5552133333333],
[41.3646875, -8.5287813888889],
[41.3646875, -8.5287813888889],
[41.344781388889, -8.5062063888889],
[41.344781388889, -8.5062063888889],
[41.3224675, -8.4880441666667],
[41.3224675, -8.4880441666667],
[41.298298333333, -8.4747422222222],
[41.298298333333, -8.4747422222222],
[41.27287, -8.4666275],
[41.27287, -8.4666275],
[41.24681, -8.4639002777778],
[41.24681, -8.4639002777778],
[41.243235, -8.4639513888889],
[],
[40.980609444444, -9.0675691666667],
[40.963561944444, -9.0919627777778],
[],
[41.656026944444, -8.7889097222222],
[41.492436388889, -8.7475122222222],
[],
[41.626501388889, -8.4581333333333],
[41.550641944444, -8.5035927777778],
[],
[41.474764166667, -8.5490505555556],
[41.398868333333, -8.5945075],
[41.398868333333, -8.5945075],
[41.247022222222, -8.6854194444444],
[],
[41.236758333333, -8.1317461111111],
[41.239023333333, -8.2424816666667],
[],
[41.241182222222, -8.3532169444444],
[41.243235, -8.4639513888889],
[41.022673888889, -8.3573663888889],
[41.050767777778, -8.3983741666667],
[41.050767777778, -8.3983741666667],
[41.0788475, -8.4393811111111],
[41.0788475, -8.4393811111111],
[41.247022222222, -8.6854194444444],
[40.870265833333, -8.5439366666667],
[40.966475277778, -8.5800613888889],
[40.857531388889, -8.4890266666667],
[40.88091, -8.5008108333333],
[40.88091, -8.5008108333333],
[40.935455833333, -8.5283072222222],